kyle@inspiron-15-3525:~/Documents/syde4a/syde411$ python3 nba_travel.py 
['Toronto Raptors', 'Boston Celtics', 'Brooklyn Nets', 'New York Knicks', 'Philadelphia 76ers', 'Indiana Pacers', 'Chicago Bulls', 'Miami Heat', 'Atlanta Hawks', 'Charlotte Hornets', 'Cleveland Cavaliers', 'Detroit Pistons', 'Orlando Magic', 'Washington Wizards', 'Denver Nuggets', 'Milwaukee Bucks', 'Minnesota Timberwolves', 'Oklahoma City Thunder', 'Portland Trail Blazers', 'Utah Jazz', 'Golden State Warriors', 'Los Angeles Clippers', 'Los Angeles Lakers', 'Phoenix Suns', 'Sacramento Kings', 'Dallas Mavericks', 'Houston Rockets', 'Memphis Grizzlies', 'New Orleans Pelicans', 'San Antonio Spurs']
['Scotiabank Arena', 'TD Garden', 'Barclays Center', 'Madison Square Garden', 'Wells Fargo Center (Philadelphia)', 'Gainbridge Fieldhouse', 'United Center', 'Kaseya Center', 'State Farm Arena', 'Spectrum Center', 'Rocket Mortgage FieldHouse', 'Little Caesars Arena', 'Amway Center', 'Capital One Arena', 'Ball Arena', 'Fiserv Forum', 'Target Center', 'Paycom Center', 'Moda Center', 'Delta Center', 'Chase Center', 'Crypto.com Arena', 'Crypto.com Arena', 'Footprint Center', 'Golden 1 Center', 'American Airlines Center', 'Toyota Center', 'FedExForum', 'Smoothie King Center', 'Frost Bank Center']
[[0, 692.4784492791512, 554.4090951336201, 548.5527527005053, 543.0996072560397, 709.3776813526765, 706.3135375371663, 1982.949868312895, 1180.4535639539588, 943.0083362259418, 304.64576264510663, 332.8232754979422, 1685.5506270343344, 562.7585675324373, 2167.6679996577127, 695.2036863146737, 1117.2600514245805, 1798.2328280071256, 3402.0345359036555, 2687.2939615432865, 3650.7622291223156, 3504.2025310159142, 3504.2025310159142, 3042.1548566067904, 3543.470398556715, 1937.6728300765428, 2094.145468146632, 1315.7298868686312, 1791.4874281425884, 543.0996072560397], [692.4784492791512, 0, 306.70757694077065, 303.28848493705397, 440.4016526079523, 1299.2352768265382, 1372.5269899759655, 2020.3482009642794, 1507.5761424296022, 1160.3731687948205, 886.0365785476835, 987.2750569477116, 1794.4286985359838, 634.1204819699817, 2849.2323593133933, 1380.67293416355, 1808.936790211891, 2407.2303721497497, 4085.701591719242, 3378.074301582716, 4341.623190362532, 4180.848074010273, 4180.848074010273, 3701.0396728404316, 4234.9332379712505, 2497.240192342422, 2584.047521801623, 1829.7442954761925, 2188.2158235502507, 440.4016526079523], [554.4090951336201, 306.70757694077065, 0, 7.707625454399785, 133.7277680805647, 1040.8827363000669, 1154.0774205057833, 1749.9462693047865, 1201.0264689248118, 854.3429187071475, 654.1320769713279, 779.6175848949208, 1507.3249152881704, 327.539828781667, 2629.8934578259727, 1185.4366213426742, 1644.1405391179708, 2137.8783285275863, 3938.478869502445, 3178.6341259236137, 4139.991464543456, 3949.6280845868437, 3949.6280845868437, 3453.337590327491, 4036.651308820711, 2211.1994176464277, 2284.523856816217, 1538.754886697257, 1882.266211780052, 133.7277680805647], [548.5527527005053, 303.28848493705397, 7.707625454399785, 0, 137.57480307177897, 1039.5866911690728, 1151.1299808313465, 1756.441597552193, 1204.2945507495276, 858.3854326302014, 651.2823943076356, 776.0064574219869, 1513.1936319099116, 330.8331198689988, 2627.328192036762, 1181.7283431938129, 1639.7516437501931, 2137.431566147968, 3933.9513053312526, 3175.463974079828, 4136.95277154461, 3947.5956890484194, 3947.5956890484194, 3451.9437044112465, 4033.503203335117, 2211.81668240852, 2286.3729163438074, 1539.69541905094, 1885.2469605960111, 137.57480307177897], [543.0996072560397, 440.4016526079523, 133.7277680805647, 137.57480307177897, 0, 939.741014364107, 1075.2490909329301, 1634.0468749835693, 1067.5948655145776, 720.8170867434327, 578.3845956125504, 714.9625415959118, 1383.2713489353614, 194.31697003809427, 2542.3084831599444, 1119.0936687375515, 1588.537530532527, 2025.5902397446764, 3882.6130214188534, 3099.584552661305, 4058.4240766982193, 3854.168767695642, 3854.168767695642, 3350.3587253174856, 3956.793693978571, 2089.7358022902413, 2155.4479646451246, 1415.3061044841836, 1749.2928874059467, 1075.2490909329301], [709.3776813526765, 1299.2352768265382, 1040.8827363000669, 1039.5866911690728, 939.741014364107, 0, 267.7004141351562, 1647.337249272043, 684.7808013533125, 688.7775007633371, 424.00554455848487, 387.0464679661515, 1320.0058969426543, 793.0820041185204, 1612.558910658381, 393.0341565052035, 823.7687736661712, 1109.5914146391608, 3034.2944241790287, 2184.932284372741, 3135.283693236039, 2914.90855359653, 2914.90855359653, 2412.530992807979, 3037.2412260561327, 1229.3499173946323, 1392.683544306018, 618.1922509576094, 1146.186450413188, 267.7004141351562], [706.3135375371663, 1372.5269899759655, 1154.0774205057833, 1151.1299808313465, 1075.2490909329301, 267.7004141351562, 0, 1913.5140372361932, 946.4865510710621, 948.4234540629647, 500.0408217350263, 385.39823787587596, 1585.921176356087, 962.4362495132654, 1478.8298800651285, 130.87476773939767, 569.2176955176775, 1112.636897132407, 2826.6084099705317, 2025.3182742693964, 2985.9992158694413, 2808.323090473447, 2808.323090473447, 2336.729887708842, 2883.1010324508875, 1291.90622615916, 1513.0427777695793, 776.5331848353286, 1341.4751788605731, 1513.0427777695793], [1982.949868312895, 2020.3482009642794, 1749.9462693047865, 1756.441597552193, 1634.0468749835693, 1647.337249272043, 1913.5140372361932, 0, 973.0321523711314, 1048.8097131933791, 1748.5917654533553, 1855.555555208419, 327.7742041859006, 1484.5402133835055, 2778.913564188437, 2040.3710894232238, 2432.2503236517286, 1973.090892865891, 4357.047731920538, 3362.8225686028522, 4172.6280563006085, 3766.562912769926, 3766.562912769926, 3188.861415442209, 4106.188640283842, 1789.3173442525838, 1557.6773113672195, 1403.0605672915606, 1077.7298603971167, 1557.6773113672195], [1180.4535639539588, 1507.5761424296022, 1201.0264689248118, 1204.2945507495276, 1067.5948655145776, 684.7808013533125, 946.4865510710621, 973.0321523711314, 0, 365.0162814986303, 891.485891599772, 959.971827024354, 645.8318443734362, 873.4904463876961, 1951.4718842812747, 1075.5896938625901, 1460.0401615816695, 1217.0762965373813, 3495.1990305389804, 2548.563903857414, 3440.6352180205663, 3118.4299602586934, 3118.4299602586934, 2561.0528150255805, 3357.690595881046, 1160.7686639672634, 1129.130280378232, 541.6294872508872, 683.8075147739992, 1129.130280378232], [943.0083362259418, 1160.3731687948205, 854.3429187071475, 858.3854326302014, 720.8170867434327, 688.7775007633371, 948.4234540629647, 1048.8097131933791, 365.0162814986303, 0, 700.1046674631931, 812.9824440589839, 743.1454707822869, 530.4396566287154, 2188.3696667120976, 1061.2771569611014, 1512.3849355114055, 1514.3397870048113, 3684.8024137073626, 2781.355747830846, 3702.678119155762, 3413.984348644152, 3413.984348644152, 2868.9374669884874, 3613.4180404901317, 1498.1288460218964, 1491.9032632373694, 838.7965777629868, 1045.8144380720705, 1491.9032632373694], [304.64576264510663, 886.0365785476835, 654.1320769713279, 651.2823943076356, 578.3845956125504, 424.00554455848487, 500.0408217350263, 1748.5917654533553, 891.485891599772, 700.1046674631931, 0, 147.10913503298664, 1437.7943773913166, 491.0052670171813, 1976.576010729645, 541.732114685957, 1016.4445147894943, 1531.598107341091, 3307.084642838841, 2525.1730776668624, 3486.039946815255, 3300.6937399096046, 3300.6937399096046, 2815.160510335348, 3383.051021919596, 1650.8136416687926, 1793.5026727539835, 1015.3803863763193, 1487.6265650615926, 1793.5026727539835], [332.8232754979422, 987.2750569477116, 779.6175848949208, 776.0064574219869, 714.9625415959118, 387.0464679661515, 385.39823787587596, 1855.555555208419, 959.971827024354, 812.9824440589839, 147.10913503298664, 0, 1538.711083957736, 637.57319370679, 1862.6918361205828, 406.00388177867535, 874.2822977186213, 1465.4160735377388, 3167.674106008487, 2401.2904082847035, 3363.8256480409505, 3193.643267857958, 3193.643267857958, 2720.0148596934055, 3259.36821139238, 1608.810137719928, 1779.6401516577544, 1003.8249892836809, 1512.1098360280484, 1779.6401516577544], [1685.5506270343344, 1794.4286985359838, 1507.3249152881704, 1513.1936319099116, 1383.2713489353614, 1320.0058969426543, 1585.921176356087, 327.7742041859006, 645.8318443734362, 743.1454707822869, 1437.7943773913166, 1538.711083957736, 0, 1217.6476188567074, 2497.1006127289734, 1713.024087504747, 2105.6921807897784, 1703.6367269266705, 4069.2812079361083, 3087.567913870454, 3926.1549352798925, 3544.9409783541337, 3544.9409783541337, 2969.861986136816, 3854.218598051807, 1549.93113913371, 1365.8812727718462, 1098.39232956614, 859.6161134574407, 1365.8812727718462], [562.7585675324373, 634.1204819699817, 327.539828781667, 330.8331198689988, 194.31697003809427, 793.0820041185204, 962.4362495132654, 1484.5402133835055, 873.4904463876961, 530.4396566287154, 491.0052670171813, 637.57319370679, 1217.6476188567074, 0, 2405.327710017166, 1025.1822084547769, 1504.0467467648073, 1855.1599616497706, 3787.571810062225, 2973.324504412362, 3927.0582227252976, 3704.014491301924, 3704.014491301924, 3190.5950954086215, 3827.9290020511594, 1907.0030327361635, 1963.8238557864627, 1230.9335102741577, 1554.9767506657142, 1963.8238557864627], [2167.6679996577127, 2849.2323593133933, 2629.8934578259727, 2627.328192036762, 2542.3084831599444, 1612.558910658381, 1478.8298800651285, 2778.913564188437, 1951.4718842812747, 2188.3696667120976, 1976.576010729645, 1862.6918361205828, 2497.1006127289734, 2405.327710017166, 0, 1472.4666135088562, 1125.9583419932985, 814.3161175912062, 1579.989086172365, 597.0980712878223, 1524.106555795979, 1338.796870599204, 1338.796870599204, 942.0149974961048, 1429.181208898961, 1066.124450935394, 1415.8896870122924, 1416.8086678718005, 1740.8502097462522, 1415.8896870122924], [695.2036863146737, 1380.67293416355, 1185.4366213426742, 1181.7283431938129, 1119.0936687375515, 393.0341565052035, 130.87476773939767, 2040.3710894232238, 1075.5896938625901, 1061.2771569611014, 541.732114685957, 406.00388177867535, 1713.024087504747, 1025.1822084547769, 1472.4666135088562, 0, 480.3301452218487, 1179.453387700099, 2765.499659661295, 1999.0287440997245, 2962.315962135176, 2809.4141059113504, 2809.4141059113504, 2355.8951680655223, 2856.794786140083, 1379.082910931079, 1617.6677783431596, 896.8909281679993, 1465.9901787054694, 1617.6677783431596], [1117.2600514245805, 1808.936790211891, 1644.1405391179708, 1639.7516437501931, 1588.537530532527, 823.7687736661712, 569.2176955176775, 2432.2503236517286, 1460.0401615816695, 1512.3849355114055, 1016.4445147894943, 874.2822977186213, 2105.6921807897784, 1504.0467467648073, 1125.9583419932985, 480.3301452218487, 0, 1116.1330719061605, 2294.920095834475, 1587.9250503430417, 2547.5875929250424, 2453.7305794788626, 2453.7305794788626, 2058.699251884376, 2437.476704464677, 1387.0806974800337, 1700.0927306321555, 1126.5949783012252, 1691.587358254052, 1700.0927306321555], [1798.2328280071256, 2407.2303721497497, 2137.8783285275863, 2137.431566147968, 2025.5902397446764, 1109.5914146391608, 1112.636897132407, 1973.090892865891, 1217.0762965373813, 1514.3397870048113, 1531.598107341091, 1465.4160735377388, 1703.6367269266705, 1855.1599616497706, 814.3161175912062, 1179.453387700099, 1116.1330719061605, 0, 2393.2203033103588, 1389.906991245633, 2233.0257036821718, 1903.099481810589, 1903.099481810589, 1354.8337762787407, 2155.7891116178903, 303.5314602865707, 664.9112885389748, 679.7022638504067, 926.6371336629119, 664.9112885389748], [3402.0345359036555, 4085.701591719242, 3938.478869502445, 3933.9513053312526, 3882.6130214188534, 3034.2944241790287, 2826.6084099705317, 4357.047731920538, 3495.1990305389804, 3684.8024137073626, 3307.084642838841, 3167.674106008487, 4069.2812079361083, 3787.571810062225, 1579.989086172365, 2765.499659661295, 2294.920095834475, 2393.2203033103588, 0, 1021.8794713431732, 862.5994873681187, 1329.5355667583085, 1329.5355667583085, 1618.9371578922053, 778.12517753537, 2626.610910497012, 2954.818941507251, 2976.3178844843087, 3318.4634277809982, 2954.818941507251], [2687.2939615432865, 3378.074301582716, 3178.6341259236137, 3175.463974079828, 3099.584552661305, 2184.932284372741, 2025.3182742693964, 3362.8225686028522, 2548.563903857414, 2781.355747830846, 2525.1730776668624, 2401.2904082847035, 3087.567913870454, 2973.324504412362, 597.0980712878223, 1999.0287440997245, 1587.9250503430417, 1389.906991245633, 1021.8794713431732, 0, 963.5499821760428, 934.712487825096, 934.712487825096, 812.7681385544007, 858.0947098623587, 1608.3893423778677, 1932.9939366331612, 2013.2002875304288, 2308.2529193978085, 1932.9939366331612], [3650.7622291223156, 4341.623190362532, 4139.991464543456, 4136.95277154461, 4058.4240766982193, 3135.283693236039, 2985.9992158694413, 4172.6280563006085, 3440.6352180205663, 3702.678119155762, 3486.039946815255, 3363.8256480409505, 3926.1549352798925, 3927.0582227252976, 1524.106555795979, 2962.315962135176, 2547.5875929250424, 2233.0257036821718, 862.5994873681187, 963.5499821760428, 0, 555.8915314922967, 555.8915314922967, 1049.685384194235, 119.08641700453106, 2383.417508173972, 2645.571001815703, 2899.027831467267, 3095.380739594086, 2645.571001815703], [3504.2025310159142, 4180.848074010273, 3949.6280845868437, 3947.5956890484194, 3854.168767695642, 2914.90855359653, 2808.323090473447, 3766.562912769926, 3118.4299602586934, 3413.984348644152, 3300.6937399096046, 3193.643267857958, 3544.9409783541337, 3704.014491301924, 1338.796870599204, 2809.4141059113504, 2453.7305794788626, 1903.099481810589, 1329.5355667583085, 934.712487825096, 555.8915314922967, 0, 0, 0, 0, 0, 0, 0, 0, 2213.3787164627515], [3504.2025310159142, 4180.848074010273, 3949.6280845868437, 3947.5956890484194, 3854.168767695642, 2914.90855359653, 2808.323090473447, 3766.562912769926, 3118.4299602586934, 3413.984348644152, 3300.6937399096046, 3193.643267857958, 3544.9409783541337, 3704.014491301924, 1338.796870599204, 2809.4141059113504, 2453.7305794788626, 1903.099481810589, 1329.5355667583085, 934.712487825096, 555.8915314922967, 0, 0, 577.8409273265733, 581.0520761972368, 1996.9082063183894, 2213.3787164627515, 2582.7898895741914, 2693.04318214616, 2213.3787164627515], [3042.1548566067904, 3701.0396728404316, 3453.337590327491, 3451.9437044112465, 3350.3587253174856, 2412.530992807979, 2336.729887708842, 3188.861415442209, 2561.0528150255805, 2868.9374669884874, 2815.160510335348, 2720.0148596934055, 2969.861986136816, 3190.5950954086215, 942.0149974961048, 2355.8951680655223, 2058.699251884376, 1354.8337762787407, 1618.9371578922053, 812.7681385544007, 1049.685384194235, 0, 577.8409273265733, 0, 1022.3237686427254, 1424.8432188726065, 1635.724915194826, 2031.8730813226593, 2116.1674215910493, 1635.724915194826], [3543.470398556715, 4234.9332379712505, 4036.651308820711, 4033.503203335117, 3956.793693978571, 3037.2412260561327, 2883.1010324508875, 4106.188640283842, 3357.690595881046, 3613.4180404901317, 3383.051021919596, 3259.36821139238, 3854.218598051807, 3827.9290020511594, 1429.181208898961, 2856.794786140083, 2437.476704464677, 2155.7891116178903, 778.12517753537, 858.0947098623587, 119.08641700453106, 0, 581.0520761972368, 1022.3237686427254, 0, 2317.308593216121, 2589.916446151418, 2816.444684710041, 3030.3547748045266, 2589.916446151418], [1937.6728300765428, 2497.240192342422, 2211.1994176464277, 2211.81668240852, 2089.7358022902413, 1229.3499173946323, 1291.90622615916, 1789.3173442525838, 1160.7686639672634, 1498.1288460218964, 1650.8136416687926, 1608.810137719928, 1549.93113913371, 1907.0030327361635, 1066.124450935394, 1379.082910931079, 1387.0806974800337, 303.5314602865707, 2626.610910497012, 1608.3893423778677, 2383.417508173972, 0, 1996.9082063183894, 1424.8432188726065, 2317.308593216121, 0, 364.1390826183179, 676.6452521183619, 713.1989963802357, 364.1390826183179], [2094.145468146632, 2584.047521801623, 2284.523856816217, 2286.3729163438074, 2155.4479646451246, 1392.683544306018, 1513.0427777695793, 1557.6773113672195, 1129.130280378232, 1491.9032632373694, 1793.5026727539835, 1779.6401516577544, 1365.8812727718462, 1963.8238557864627, 1415.8896870122924, 1617.6677783431596, 1700.0927306321555, 664.9112885389748, 2954.818941507251, 1932.9939366331612, 2645.571001815703, 0, 2213.3787164627515, 1635.724915194826, 2589.916446151418, 364.1390826183179, 0, 778.4283729824717, 510.6562406111047, 510.6562406111047], [1315.7298868686312, 1829.7442954761925, 1538.754886697257, 1539.69541905094, 1415.3061044841836, 618.1922509576094, 776.5331848353286, 1403.0605672915606, 541.6294872508872, 838.7965777629868, 1015.3803863763193, 1003.8249892836809, 1098.39232956614, 1230.9335102741577, 1416.8086678718005, 896.8909281679993, 1126.5949783012252, 679.7022638504067, 2976.3178844843087, 2013.2002875304288, 2899.027831467267, 0, 2582.7898895741914, 2031.8730813226593, 2816.444684710041, 676.6452521183619, 778.4283729824717, 0, 575.4727512656563, 575.4727512656563], [1791.4874281425884, 2188.2158235502507, 1882.266211780052, 1885.2469605960111, 1749.2928874059467, 1146.186450413188, 1341.4751788605731, 1077.7298603971167, 683.8075147739992, 1045.8144380720705, 1487.6265650615926, 1512.1098360280484, 859.6161134574407, 1554.9767506657142, 1740.8502097462522, 1465.9901787054694, 1691.587358254052, 926.6371336629119, 3318.4634277809982, 2308.2529193978085, 3095.380739594086, 0, 2693.04318214616, 2116.1674215910493, 3030.3547748045266, 713.1989963802357, 510.6562406111047, 575.4727512656563, 0, 810.5808319166468], [543.0996072560397, 440.4016526079523, 133.7277680805647, 137.57480307177897, 1075.2490909329301, 267.7004141351562, 1513.0427777695793, 1557.6773113672195, 1129.130280378232, 1491.9032632373694, 1793.5026727539835, 1779.6401516577544, 1365.8812727718462, 1963.8238557864627, 1415.8896870122924, 1617.6677783431596, 1700.0927306321555, 664.9112885389748, 2954.818941507251, 1932.9939366331612, 2645.571001815703, 2213.3787164627515, 2213.3787164627515, 1635.724915194826, 2589.916446151418, 364.1390826183179, 510.6562406111047, 575.4727512656563, 810.5808319166468, 1075.2490909329301]]
Generation 1: Best Route = [0, 11, 5, 6, 16, 15, 0, 4, 13, 10, 2, 1, 0, 29, 25, 26, 17, 27, 0, 9, 3, 8, 12, 7, 0, 14, 19, 24, 20, 18, 0, 28, 21, 23, 22, 0], Distance = 29388.139187953875
Generation 2: Best Route = [0, 11, 5, 6, 16, 15, 0, 4, 13, 10, 2, 1, 0, 29, 25, 26, 17, 27, 0, 9, 3, 8, 12, 7, 0, 14, 19, 24, 20, 18, 0, 28, 21, 23, 22, 0], Distance = 29388.139187953875
Generation 3: Best Route = [0, 11, 5, 6, 16, 15, 0, 4, 13, 10, 2, 1, 0, 29, 25, 26, 17, 27, 0, 9, 3, 8, 12, 7, 0, 14, 19, 24, 20, 18, 0, 28, 21, 23, 22, 0], Distance = 29388.139187953875
Generation 4: Best Route = [0, 11, 5, 6, 16, 15, 0, 4, 13, 10, 2, 1, 0, 29, 25, 26, 17, 27, 0, 9, 3, 8, 12, 7, 0, 14, 19, 24, 20, 18, 0, 28, 21, 23, 22, 0], Distance = 29388.139187953875
Generation 5: Best Route = [0, 11, 5, 6, 16, 15, 0, 4, 13, 10, 2, 1, 0, 29, 25, 26, 17, 27, 0, 9, 3, 8, 12, 7, 0, 14, 19, 24, 20, 18, 0, 28, 21, 23, 22, 0], Distance = 29388.139187953875
Generation 6: Best Route = [0, 11, 5, 6, 16, 15, 0, 4, 13, 10, 2, 1, 0, 29, 25, 26, 17, 27, 0, 9, 3, 8, 12, 7, 0, 14, 19, 24, 20, 18, 0, 28, 21, 23, 22, 0], Distance = 29388.139187953875
Generation 7: Best Route = [0, 11, 5, 6, 16, 15, 0, 4, 13, 10, 2, 1, 0, 29, 25, 26, 17, 27, 0, 9, 3, 8, 12, 7, 0, 14, 19, 24, 20, 18, 0, 28, 21, 23, 22, 0], Distance = 29388.139187953875
Generation 8: Best Route = [0, 11, 5, 6, 16, 15, 0, 4, 13, 10, 2, 1, 0, 29, 25, 26, 17, 27, 0, 9, 3, 8, 12, 7, 0, 14, 19, 24, 20, 18, 0, 28, 21, 23, 22, 0], Distance = 29388.139187953875
Generation 9: Best Route = [0, 11, 5, 6, 16, 15, 0, 4, 13, 10, 2, 1, 0, 29, 25, 26, 17, 27, 0, 9, 3, 8, 12, 7, 0, 14, 19, 24, 20, 18, 0, 28, 21, 23, 22, 0], Distance = 29388.139187953875
Generation 10: Best Route = [0, 11, 5, 6, 16, 15, 0, 4, 13, 10, 2, 1, 0, 29, 25, 26, 17, 27, 0, 9, 3, 8, 12, 7, 0, 14, 19, 24, 20, 18, 0, 28, 21, 23, 22, 0], Distance = 29388.139187953875
Generation 11: Best Route = [0, 11, 5, 6, 16, 15, 0, 4, 13, 10, 2, 1, 0, 29, 25, 26, 17, 27, 0, 9, 3, 8, 12, 7, 0, 14, 19, 24, 20, 18, 0, 28, 21, 23, 22, 0], Distance = 29388.139187953875
Generation 12: Best Route = [0, 11, 5, 6, 16, 15, 0, 4, 13, 10, 2, 1, 0, 29, 25, 26, 17, 27, 0, 9, 3, 8, 12, 7, 0, 14, 19, 24, 20, 18, 0, 28, 21, 23, 22, 0], Distance = 29388.139187953875
Generation 13: Best Route = [0, 11, 5, 6, 16, 15, 0, 4, 13, 10, 2, 1, 0, 29, 25, 26, 17, 27, 0, 9, 3, 8, 12, 7, 0, 14, 19, 24, 20, 18, 0, 28, 21, 23, 22, 0], Distance = 29388.139187953875
Generation 14: Best Route = [0, 11, 5, 6, 16, 15, 0, 4, 13, 10, 2, 1, 0, 29, 25, 26, 17, 27, 0, 9, 3, 8, 12, 7, 0, 14, 19, 24, 20, 18, 0, 28, 21, 23, 22, 0], Distance = 29388.139187953875
Generation 15: Best Route = [0, 11, 5, 6, 16, 15, 0, 4, 13, 10, 2, 1, 0, 29, 25, 26, 17, 27, 0, 9, 3, 8, 12, 7, 0, 14, 19, 24, 20, 18, 0, 28, 21, 23, 22, 0], Distance = 29388.139187953875
Generation 16: Best Route = [0, 11, 5, 6, 16, 15, 0, 4, 13, 10, 2, 1, 0, 29, 25, 26, 17, 27, 0, 9, 3, 8, 12, 7, 0, 14, 19, 24, 20, 18, 0, 28, 21, 23, 22, 0], Distance = 29388.139187953875
Generation 17: Best Route = [0, 11, 5, 6, 16, 15, 0, 4, 13, 10, 2, 1, 0, 29, 25, 26, 17, 27, 0, 9, 3, 8, 12, 7, 0, 14, 19, 24, 20, 18, 0, 28, 21, 23, 22, 0], Distance = 29388.139187953875
Generation 18: Best Route = [0, 11, 5, 6, 16, 15, 0, 4, 13, 10, 2, 1, 0, 29, 25, 26, 17, 27, 0, 9, 3, 8, 12, 7, 0, 14, 19, 24, 20, 18, 0, 28, 21, 23, 22, 0], Distance = 29388.139187953875
Generation 19: Best Route = [0, 11, 5, 6, 16, 15, 0, 4, 13, 10, 2, 1, 0, 29, 25, 26, 17, 27, 0, 9, 3, 8, 12, 7, 0, 14, 19, 24, 20, 18, 0, 28, 21, 23, 22, 0], Distance = 29388.139187953875
Generation 20: Best Route = [0, 11, 5, 6, 16, 15, 0, 4, 13, 10, 2, 1, 0, 29, 25, 26, 17, 27, 0, 9, 3, 8, 12, 7, 0, 14, 19, 24, 20, 18, 0, 28, 21, 23, 22, 0], Distance = 29388.139187953875
Generation 21: Best Route = [0, 11, 5, 6, 16, 15, 0, 4, 13, 10, 2, 1, 0, 29, 25, 26, 17, 27, 0, 9, 3, 8, 12, 7, 0, 14, 19, 24, 20, 18, 0, 28, 21, 23, 22, 0], Distance = 29388.139187953875
Generation 22: Best Route = [0, 11, 5, 6, 16, 15, 0, 4, 13, 10, 2, 1, 0, 29, 25, 26, 17, 27, 0, 9, 3, 8, 12, 7, 0, 14, 19, 24, 20, 18, 0, 28, 21, 23, 22, 0], Distance = 29388.139187953875
Generation 23: Best Route = [0, 11, 5, 6, 16, 15, 0, 4, 13, 10, 2, 1, 0, 29, 25, 26, 17, 27, 0, 9, 3, 8, 12, 7, 0, 14, 19, 24, 20, 18, 0, 28, 21, 23, 22, 0], Distance = 29388.139187953875
Generation 24: Best Route = [0, 11, 5, 6, 16, 15, 0, 4, 13, 10, 2, 1, 0, 29, 25, 26, 17, 27, 0, 9, 3, 8, 12, 7, 0, 14, 19, 24, 20, 18, 0, 28, 21, 23, 22, 0], Distance = 29388.139187953875
Generation 25: Best Route = [0, 11, 5, 6, 16, 15, 0, 4, 13, 10, 2, 1, 0, 29, 25, 26, 17, 27, 0, 9, 3, 8, 12, 7, 0, 14, 19, 24, 20, 18, 0, 28, 21, 23, 22, 0], Distance = 29388.139187953875
Generation 26: Best Route = [0, 11, 5, 6, 16, 15, 0, 4, 13, 10, 2, 1, 0, 29, 25, 26, 17, 27, 0, 9, 3, 8, 12, 7, 0, 14, 19, 24, 20, 18, 0, 28, 21, 23, 22, 0], Distance = 29388.139187953875
Generation 27: Best Route = [0, 11, 5, 6, 16, 15, 0, 4, 13, 10, 2, 1, 0, 29, 25, 26, 17, 27, 0, 9, 3, 8, 12, 7, 0, 14, 19, 24, 20, 18, 0, 28, 21, 23, 22, 0], Distance = 29388.139187953875
Generation 28: Best Route = [0, 11, 5, 6, 16, 15, 0, 4, 13, 10, 2, 1, 0, 29, 25, 26, 17, 27, 0, 9, 3, 8, 12, 7, 0, 14, 19, 24, 20, 18, 0, 28, 21, 23, 22, 0], Distance = 29388.139187953875
Generation 29: Best Route = [0, 11, 5, 6, 16, 15, 0, 4, 13, 10, 2, 1, 0, 29, 25, 26, 17, 27, 0, 9, 3, 8, 12, 7, 0, 14, 19, 24, 20, 18, 0, 28, 21, 23, 22, 0], Distance = 29388.139187953875
Generation 30: Best Route = [0, 11, 5, 6, 16, 15, 0, 4, 13, 3, 2, 1, 0, 29, 25, 26, 17, 27, 0, 9, 10, 8, 12, 7, 0, 14, 19, 24, 20, 18, 0, 28, 21, 23, 22, 0], Distance = 28110.453164972005
Generation 31: Best Route = [0, 11, 5, 6, 16, 15, 0, 4, 13, 3, 2, 1, 0, 29, 25, 26, 17, 27, 0, 9, 10, 8, 12, 7, 0, 14, 19, 24, 20, 18, 0, 28, 21, 23, 22, 0], Distance = 28110.453164972005
Generation 32: Best Route = [0, 11, 5, 6, 16, 15, 0, 4, 13, 3, 2, 1, 0, 29, 25, 26, 17, 27, 0, 9, 10, 8, 12, 7, 0, 14, 19, 24, 20, 18, 0, 28, 21, 23, 22, 0], Distance = 28110.453164972005
Generation 33: Best Route = [0, 11, 5, 6, 16, 15, 0, 4, 13, 3, 2, 1, 0, 29, 25, 26, 17, 27, 0, 9, 10, 8, 12, 7, 0, 14, 19, 24, 20, 18, 0, 28, 21, 23, 22, 0], Distance = 28110.453164972005
Generation 34: Best Route = [0, 11, 5, 6, 16, 15, 0, 4, 13, 3, 2, 1, 0, 29, 25, 26, 17, 27, 0, 9, 10, 8, 12, 7, 0, 14, 19, 24, 20, 18, 0, 28, 21, 23, 22, 0], Distance = 28110.453164972005
Generation 35: Best Route = [0, 11, 5, 6, 16, 15, 0, 4, 13, 3, 2, 1, 0, 29, 25, 26, 17, 27, 0, 9, 10, 8, 12, 7, 0, 14, 19, 24, 20, 18, 0, 28, 21, 23, 22, 0], Distance = 28110.453164972005
Generation 36: Best Route = [0, 11, 5, 6, 16, 15, 0, 4, 13, 3, 2, 1, 0, 29, 25, 26, 17, 27, 0, 9, 10, 8, 12, 7, 0, 14, 19, 24, 20, 18, 0, 28, 21, 23, 22, 0], Distance = 28110.453164972005
Generation 37: Best Route = [0, 11, 5, 6, 16, 15, 0, 4, 13, 3, 2, 1, 0, 29, 25, 26, 17, 27, 0, 9, 10, 8, 12, 7, 0, 14, 19, 24, 20, 18, 0, 28, 21, 23, 22, 0], Distance = 28110.453164972005
Generation 38: Best Route = [0, 11, 5, 6, 16, 15, 0, 4, 13, 3, 2, 1, 0, 29, 25, 26, 17, 27, 0, 9, 10, 8, 12, 7, 0, 14, 19, 24, 20, 18, 0, 28, 21, 23, 22, 0], Distance = 28110.453164972005
Generation 39: Best Route = [0, 11, 5, 6, 16, 15, 0, 4, 13, 3, 2, 1, 0, 29, 25, 26, 17, 27, 0, 9, 10, 8, 12, 7, 0, 14, 19, 24, 20, 18, 0, 28, 21, 23, 22, 0], Distance = 28110.453164972005
Generation 40: Best Route = [0, 11, 5, 6, 16, 15, 0, 4, 13, 3, 2, 1, 0, 29, 25, 26, 17, 27, 0, 9, 10, 8, 12, 7, 0, 14, 19, 24, 20, 18, 0, 28, 21, 23, 22, 0], Distance = 28110.453164972005
Generation 41: Best Route = [0, 11, 5, 6, 16, 15, 0, 4, 13, 3, 2, 1, 0, 29, 25, 26, 17, 27, 0, 9, 10, 8, 12, 7, 0, 14, 19, 24, 20, 18, 0, 28, 21, 23, 22, 0], Distance = 28110.453164972005
Generation 42: Best Route = [0, 11, 5, 6, 16, 15, 0, 4, 13, 3, 2, 1, 0, 29, 25, 26, 17, 27, 0, 9, 10, 8, 12, 7, 0, 14, 19, 24, 20, 18, 0, 28, 21, 23, 22, 0], Distance = 28110.453164972005
Generation 43: Best Route = [0, 11, 5, 6, 16, 15, 0, 4, 13, 3, 2, 1, 0, 29, 25, 26, 17, 27, 0, 9, 10, 8, 12, 7, 0, 14, 19, 24, 20, 18, 0, 28, 21, 23, 22, 0], Distance = 28110.453164972005
Generation 44: Best Route = [0, 11, 5, 6, 16, 15, 0, 4, 13, 3, 2, 1, 0, 29, 25, 26, 17, 27, 0, 9, 10, 8, 12, 7, 0, 14, 19, 24, 20, 18, 0, 28, 21, 23, 22, 0], Distance = 28110.453164972005
Generation 45: Best Route = [0, 11, 5, 6, 16, 15, 0, 4, 13, 3, 2, 1, 0, 29, 25, 26, 17, 27, 0, 9, 10, 8, 12, 7, 0, 14, 19, 24, 20, 18, 0, 28, 21, 23, 22, 0], Distance = 28110.453164972005
Generation 46: Best Route = [0, 11, 5, 6, 16, 15, 0, 4, 13, 3, 2, 1, 0, 29, 25, 26, 17, 27, 0, 9, 10, 8, 12, 7, 0, 14, 19, 24, 20, 18, 0, 28, 21, 23, 22, 0], Distance = 28110.453164972005
Generation 47: Best Route = [0, 11, 5, 6, 16, 15, 0, 4, 13, 3, 2, 1, 0, 29, 25, 26, 17, 27, 0, 9, 10, 8, 12, 7, 0, 14, 19, 24, 20, 18, 0, 28, 21, 23, 22, 0], Distance = 28110.453164972005
Generation 48: Best Route = [0, 11, 5, 6, 16, 15, 0, 4, 13, 3, 2, 1, 0, 29, 25, 26, 17, 27, 0, 9, 10, 8, 12, 7, 0, 14, 19, 24, 20, 18, 0, 28, 21, 23, 22, 0], Distance = 28110.453164972005
Generation 49: Best Route = [0, 11, 5, 6, 16, 15, 0, 4, 13, 3, 2, 1, 0, 29, 25, 26, 17, 27, 0, 9, 10, 8, 12, 7, 0, 14, 19, 24, 20, 18, 0, 28, 21, 23, 22, 0], Distance = 28110.453164972005
Generation 50: Best Route = [0, 11, 5, 6, 16, 15, 0, 4, 13, 3, 2, 1, 0, 29, 25, 26, 17, 27, 0, 9, 10, 8, 12, 7, 0, 14, 19, 24, 20, 18, 0, 28, 21, 23, 22, 0], Distance = 28110.453164972005
Generation 51: Best Route = [0, 11, 5, 6, 16, 15, 0, 4, 13, 3, 2, 1, 0, 29, 25, 26, 17, 27, 0, 9, 10, 8, 12, 7, 0, 14, 19, 24, 20, 18, 0, 28, 21, 23, 22, 0], Distance = 28110.453164972005
Generation 52: Best Route = [0, 11, 5, 6, 16, 15, 0, 4, 13, 3, 2, 1, 0, 29, 25, 26, 17, 27, 0, 9, 10, 8, 12, 7, 0, 14, 19, 24, 20, 18, 0, 28, 21, 23, 22, 0], Distance = 28110.453164972005
Generation 53: Best Route = [0, 11, 5, 6, 16, 15, 0, 4, 13, 3, 2, 1, 0, 29, 25, 26, 17, 27, 0, 9, 10, 8, 12, 7, 0, 14, 19, 24, 20, 18, 0, 28, 21, 23, 22, 0], Distance = 28110.453164972005
Generation 54: Best Route = [0, 11, 5, 6, 16, 15, 0, 4, 13, 3, 2, 1, 0, 29, 25, 26, 17, 27, 0, 9, 10, 8, 12, 7, 0, 14, 19, 24, 20, 18, 0, 28, 21, 23, 22, 0], Distance = 28110.453164972005
Generation 55: Best Route = [0, 11, 5, 6, 16, 15, 0, 4, 13, 3, 2, 1, 0, 29, 25, 26, 17, 27, 0, 9, 10, 8, 12, 7, 0, 14, 19, 24, 20, 18, 0, 28, 21, 23, 22, 0], Distance = 28110.453164972005
Generation 56: Best Route = [0, 11, 5, 6, 16, 15, 0, 4, 13, 3, 2, 1, 0, 29, 25, 26, 17, 27, 0, 9, 10, 8, 12, 7, 0, 14, 19, 24, 20, 18, 0, 28, 21, 23, 22, 0], Distance = 28110.453164972005
Generation 57: Best Route = [0, 11, 5, 6, 16, 15, 0, 4, 13, 3, 2, 1, 0, 29, 25, 26, 17, 27, 0, 9, 10, 8, 12, 7, 0, 14, 19, 24, 20, 18, 0, 28, 21, 23, 22, 0], Distance = 28110.453164972005
Generation 58: Best Route = [0, 11, 5, 6, 16, 15, 0, 4, 13, 3, 2, 1, 0, 29, 25, 26, 17, 27, 0, 9, 10, 8, 12, 7, 0, 14, 19, 24, 20, 18, 0, 28, 21, 23, 22, 0], Distance = 28110.453164972005
Generation 59: Best Route = [0, 11, 5, 6, 16, 15, 0, 4, 13, 3, 2, 1, 0, 29, 25, 26, 17, 27, 0, 9, 10, 8, 12, 7, 0, 14, 19, 24, 20, 18, 0, 28, 21, 23, 22, 0], Distance = 28110.453164972005
Generation 60: Best Route = [0, 11, 5, 6, 16, 15, 0, 4, 13, 3, 2, 1, 0, 29, 25, 26, 17, 27, 0, 9, 10, 8, 12, 7, 0, 14, 19, 24, 20, 18, 0, 28, 21, 23, 22, 0], Distance = 28110.453164972005
Generation 61: Best Route = [0, 11, 5, 6, 16, 15, 0, 4, 13, 3, 2, 1, 0, 29, 25, 26, 17, 27, 0, 9, 10, 8, 12, 7, 0, 14, 19, 24, 20, 18, 0, 28, 21, 23, 22, 0], Distance = 28110.453164972005
Generation 62: Best Route = [0, 11, 5, 6, 16, 15, 0, 4, 13, 3, 2, 1, 0, 29, 25, 26, 17, 27, 0, 9, 10, 8, 12, 7, 0, 14, 19, 24, 20, 18, 0, 28, 21, 23, 22, 0], Distance = 28110.453164972005
Generation 63: Best Route = [0, 11, 5, 6, 16, 15, 0, 4, 13, 3, 2, 1, 0, 29, 25, 26, 17, 27, 0, 9, 10, 8, 12, 7, 0, 14, 19, 24, 20, 18, 0, 28, 21, 23, 22, 0], Distance = 28110.453164972005
Generation 64: Best Route = [0, 11, 5, 6, 16, 15, 0, 4, 13, 3, 2, 1, 0, 29, 25, 26, 17, 27, 0, 9, 10, 8, 12, 7, 0, 14, 19, 24, 20, 18, 0, 28, 21, 23, 22, 0], Distance = 28110.453164972005
Generation 65: Best Route = [0, 11, 5, 6, 16, 15, 0, 4, 13, 3, 2, 1, 0, 29, 25, 26, 17, 27, 0, 9, 10, 8, 12, 7, 0, 14, 19, 24, 20, 18, 0, 28, 21, 23, 22, 0], Distance = 28110.453164972005
Generation 66: Best Route = [0, 11, 5, 6, 16, 15, 0, 4, 13, 3, 2, 1, 0, 29, 25, 26, 17, 27, 0, 9, 10, 8, 12, 7, 0, 14, 19, 24, 20, 18, 0, 28, 21, 23, 22, 0], Distance = 28110.453164972005
Generation 67: Best Route = [0, 11, 5, 6, 16, 15, 0, 4, 13, 3, 2, 1, 0, 29, 25, 26, 17, 27, 0, 9, 10, 8, 12, 7, 0, 14, 19, 24, 20, 18, 0, 28, 21, 23, 22, 0], Distance = 28110.453164972005
Generation 68: Best Route = [0, 11, 5, 6, 16, 15, 0, 4, 13, 3, 2, 1, 0, 29, 25, 26, 17, 27, 0, 9, 10, 8, 12, 7, 0, 14, 19, 24, 20, 18, 0, 28, 21, 23, 22, 0], Distance = 28110.453164972005
Generation 69: Best Route = [0, 11, 5, 6, 16, 15, 0, 4, 13, 3, 2, 1, 0, 29, 25, 26, 17, 27, 0, 9, 10, 8, 12, 7, 0, 14, 19, 24, 20, 18, 0, 28, 21, 23, 22, 0], Distance = 28110.453164972005
Generation 70: Best Route = [0, 11, 5, 6, 16, 15, 0, 4, 13, 3, 2, 1, 0, 29, 25, 26, 17, 27, 0, 9, 10, 8, 12, 7, 0, 14, 19, 24, 20, 18, 0, 28, 21, 23, 22, 0], Distance = 28110.453164972005
Generation 71: Best Route = [0, 11, 5, 6, 16, 15, 0, 4, 13, 3, 2, 1, 0, 29, 25, 26, 17, 27, 0, 9, 10, 8, 12, 7, 0, 14, 19, 24, 20, 18, 0, 28, 21, 23, 22, 0], Distance = 28110.453164972005
Generation 72: Best Route = [0, 11, 5, 6, 16, 15, 0, 4, 13, 3, 2, 1, 0, 29, 25, 26, 17, 27, 0, 9, 10, 8, 12, 7, 0, 14, 19, 24, 20, 18, 0, 28, 21, 23, 22, 0], Distance = 28110.453164972005
Generation 73: Best Route = [0, 11, 5, 6, 16, 15, 0, 4, 13, 3, 2, 1, 0, 29, 25, 26, 17, 27, 0, 9, 10, 8, 12, 7, 0, 14, 19, 24, 20, 18, 0, 28, 21, 23, 22, 0], Distance = 28110.453164972005
Generation 74: Best Route = [0, 11, 5, 6, 16, 15, 0, 4, 13, 3, 2, 1, 0, 29, 25, 26, 17, 27, 0, 9, 10, 8, 12, 7, 0, 14, 19, 24, 20, 18, 0, 28, 21, 23, 22, 0], Distance = 28110.453164972005
Generation 75: Best Route = [0, 11, 5, 6, 16, 15, 0, 4, 13, 3, 2, 1, 0, 29, 25, 26, 17, 27, 0, 9, 10, 8, 12, 7, 0, 14, 19, 24, 20, 18, 0, 28, 21, 23, 22, 0], Distance = 28110.453164972005
Generation 76: Best Route = [0, 11, 5, 6, 16, 15, 0, 4, 13, 3, 2, 1, 0, 29, 25, 26, 17, 27, 0, 9, 10, 8, 12, 7, 0, 14, 19, 24, 20, 18, 0, 28, 21, 23, 22, 0], Distance = 28110.453164972005
Generation 77: Best Route = [0, 11, 5, 6, 16, 15, 0, 4, 13, 3, 2, 1, 0, 29, 25, 26, 17, 27, 0, 9, 10, 8, 12, 7, 0, 14, 19, 24, 20, 18, 0, 28, 21, 23, 22, 0], Distance = 28110.453164972005
Generation 78: Best Route = [0, 11, 5, 6, 16, 15, 0, 4, 13, 3, 2, 1, 0, 29, 25, 26, 17, 27, 0, 9, 10, 8, 12, 7, 0, 14, 19, 24, 20, 18, 0, 28, 21, 23, 22, 0], Distance = 28110.453164972005
Generation 79: Best Route = [0, 11, 5, 6, 16, 15, 0, 4, 13, 3, 2, 1, 0, 29, 25, 26, 17, 27, 0, 9, 10, 8, 12, 7, 0, 14, 19, 24, 20, 18, 0, 28, 21, 23, 22, 0], Distance = 28110.453164972005
Generation 80: Best Route = [0, 11, 5, 6, 16, 15, 0, 4, 13, 3, 2, 1, 0, 29, 25, 26, 17, 27, 0, 9, 10, 8, 12, 7, 0, 14, 19, 24, 20, 18, 0, 28, 21, 23, 22, 0], Distance = 28110.453164972005
Generation 81: Best Route = [0, 11, 5, 6, 16, 15, 0, 4, 13, 3, 2, 1, 0, 29, 25, 26, 17, 27, 0, 9, 10, 8, 12, 7, 0, 14, 19, 24, 20, 18, 0, 28, 21, 23, 22, 0], Distance = 28110.453164972005
Generation 82: Best Route = [0, 11, 5, 6, 16, 15, 0, 4, 13, 3, 2, 1, 0, 29, 25, 26, 17, 27, 0, 9, 10, 8, 12, 7, 0, 14, 19, 24, 20, 18, 0, 28, 21, 23, 22, 0], Distance = 28110.453164972005
Generation 83: Best Route = [0, 11, 5, 6, 16, 15, 0, 4, 13, 3, 2, 1, 0, 29, 25, 26, 17, 27, 0, 9, 10, 8, 12, 7, 0, 14, 19, 24, 20, 18, 0, 28, 21, 23, 22, 0], Distance = 28110.453164972005
Generation 84: Best Route = [0, 11, 5, 6, 16, 15, 0, 4, 13, 3, 2, 1, 0, 29, 25, 26, 17, 27, 0, 9, 10, 8, 12, 7, 0, 14, 19, 24, 20, 18, 0, 28, 21, 23, 22, 0], Distance = 28110.453164972005
Generation 85: Best Route = [0, 11, 5, 6, 16, 15, 0, 4, 13, 3, 2, 1, 0, 29, 25, 26, 17, 27, 0, 9, 10, 8, 12, 7, 0, 14, 19, 24, 20, 18, 0, 28, 21, 23, 22, 0], Distance = 28110.453164972005
Generation 86: Best Route = [0, 11, 5, 6, 16, 15, 0, 4, 13, 3, 2, 1, 0, 29, 25, 26, 17, 27, 0, 9, 10, 8, 12, 7, 0, 14, 19, 24, 20, 18, 0, 28, 21, 23, 22, 0], Distance = 28110.453164972005
Generation 87: Best Route = [0, 11, 5, 6, 16, 15, 0, 4, 13, 3, 2, 1, 0, 29, 25, 26, 17, 27, 0, 9, 10, 8, 12, 7, 0, 14, 19, 24, 20, 18, 0, 28, 21, 23, 22, 0], Distance = 28110.453164972005
Generation 88: Best Route = [0, 11, 5, 6, 16, 15, 0, 4, 13, 3, 2, 1, 0, 29, 25, 26, 17, 27, 0, 9, 10, 8, 12, 7, 0, 14, 19, 24, 20, 18, 0, 28, 21, 23, 22, 0], Distance = 28110.453164972005
Generation 89: Best Route = [0, 11, 5, 6, 16, 15, 0, 4, 13, 3, 2, 1, 0, 29, 25, 26, 17, 27, 0, 9, 10, 8, 12, 7, 0, 14, 19, 24, 20, 18, 0, 28, 21, 23, 22, 0], Distance = 28110.453164972005
Generation 90: Best Route = [0, 11, 5, 6, 16, 15, 0, 4, 13, 3, 2, 1, 0, 29, 25, 26, 17, 27, 0, 9, 10, 8, 12, 7, 0, 14, 19, 24, 20, 18, 0, 28, 21, 23, 22, 0], Distance = 28110.453164972005
Generation 91: Best Route = [0, 11, 5, 6, 16, 15, 0, 4, 13, 3, 2, 1, 0, 29, 25, 26, 17, 27, 0, 9, 10, 8, 12, 7, 0, 14, 19, 24, 20, 18, 0, 28, 21, 23, 22, 0], Distance = 28110.453164972005
Generation 92: Best Route = [0, 11, 5, 6, 16, 15, 0, 4, 13, 3, 2, 1, 0, 29, 25, 26, 17, 27, 0, 9, 10, 8, 12, 7, 0, 14, 19, 24, 20, 18, 0, 28, 21, 23, 22, 0], Distance = 28110.453164972005
Generation 93: Best Route = [0, 11, 5, 6, 16, 15, 0, 4, 13, 3, 2, 1, 0, 29, 25, 26, 17, 27, 0, 9, 10, 8, 12, 7, 0, 14, 19, 24, 20, 18, 0, 28, 21, 23, 22, 0], Distance = 28110.453164972005
Generation 94: Best Route = [0, 11, 5, 6, 16, 15, 0, 4, 13, 3, 2, 1, 0, 29, 25, 26, 17, 27, 0, 9, 10, 8, 12, 7, 0, 14, 19, 24, 20, 18, 0, 28, 21, 23, 22, 0], Distance = 28110.453164972005
Generation 95: Best Route = [0, 11, 5, 6, 16, 15, 0, 4, 13, 3, 2, 1, 0, 29, 25, 26, 17, 27, 0, 10, 9, 8, 12, 7, 0, 14, 19, 24, 20, 18, 0, 28, 21, 23, 22, 0], Distance = 26945.62098129003
Generation 96: Best Route = [0, 11, 5, 6, 16, 15, 0, 4, 13, 3, 2, 1, 0, 29, 25, 26, 17, 27, 0, 10, 9, 8, 12, 7, 0, 14, 19, 24, 20, 18, 0, 28, 21, 23, 22, 0], Distance = 26945.62098129003
Generation 97: Best Route = [0, 11, 5, 6, 16, 15, 0, 4, 13, 3, 2, 1, 0, 29, 25, 26, 17, 27, 0, 10, 9, 8, 12, 7, 0, 14, 19, 24, 20, 18, 0, 28, 21, 23, 22, 0], Distance = 26945.62098129003
Generation 98: Best Route = [0, 11, 5, 6, 16, 15, 0, 4, 13, 3, 2, 1, 0, 29, 25, 26, 17, 27, 0, 10, 9, 8, 12, 7, 0, 14, 19, 24, 20, 18, 0, 28, 21, 23, 22, 0], Distance = 26945.62098129003
Generation 99: Best Route = [0, 11, 5, 6, 16, 15, 0, 4, 13, 3, 2, 1, 0, 29, 25, 26, 17, 27, 0, 10, 9, 8, 12, 7, 0, 14, 19, 24, 20, 18, 0, 28, 21, 23, 22, 0], Distance = 26945.62098129003
Generation 100: Best Route = [0, 11, 5, 6, 16, 15, 0, 4, 13, 3, 2, 1, 0, 29, 25, 26, 17, 27, 0, 10, 9, 8, 12, 7, 0, 14, 19, 24, 20, 18, 0, 28, 21, 23, 22, 0], Distance = 26945.62098129003
Shortest Tour: Toronto Raptors -> Detroit Pistons -> Indiana Pacers -> Chicago Bulls -> Minnesota Timberwolves -> Milwaukee Bucks -> Toronto Raptors -> Philadelphia 76ers -> Washington Wizards -> New York Knicks -> Brooklyn Nets -> Boston Celtics -> Toronto Raptors -> San Antonio Spurs -> Dallas Mavericks -> Houston Rockets -> Oklahoma City Thunder -> Memphis Grizzlies -> Toronto Raptors -> Cleveland Cavaliers -> Charlotte Hornets -> Atlanta Hawks -> Orlando Magic -> Miami Heat -> Toronto Raptors -> Denver Nuggets -> Utah Jazz -> Sacramento Kings -> Golden State Warriors -> Portland Trail Blazers -> Toronto Raptors -> New Orleans Pelicans -> Los Angeles Clippers -> Phoenix Suns -> Los Angeles Lakers -> Toronto Raptors

Shortest Tour Arenas: Scotiabank Arena -> Little Caesars Arena -> Gainbridge Fieldhouse -> United Center -> Target Center -> Fiserv Forum -> Scotiabank Arena -> Wells Fargo Center (Philadelphia) -> Capital One Arena -> Madison Square Garden -> Barclays Center -> TD Garden -> Scotiabank Arena -> Frost Bank Center -> American Airlines Center -> Toyota Center -> Paycom Center -> FedExForum -> Scotiabank Arena -> Rocket Mortgage FieldHouse -> Spectrum Center -> State Farm Arena -> Amway Center -> Kaseya Center -> Scotiabank Arena -> Ball Arena -> Delta Center -> Golden 1 Center -> Chase Center -> Moda Center -> Scotiabank Arena -> Smoothie King Center -> Crypto.com Arena -> Footprint Center -> Crypto.com Arena -> Scotiabank Arena

Minimum Total Distance: 26945.62098129003